0.000000,5.385165,5.385165,5.385165,5.385165,1.451539
1.000000,3.755584,3.753548,3.756228,3.761450,1.500785
2.000000,3.047967,3.028798,3.028457,3.035724,1.977401
3.000000,2.609732,2.580754,2.584138,2.593458,1.502066
4.000000,2.308278,2.273132,2.280294,2.289408,1.992854
5.000000,2.056111,2.035723,2.041452,2.054176,1.106753
6.000000,1.873979,1.856664,1.857833,1.869011,1.766977
7.000000,1.703767,1.709944,1.707931,1.716986,1.372011
8.000000,1.571885,1.587022,1.582907,1.588020,1.281800
9.000000,1.463322,1.484061,1.476723,1.482196,1.940362
10.000000,1.375649,1.385339,1.380561,1.387357,1.395043
11.000000,1.288156,1.300179,1.295793,1.303528,1.644071
12.000000,1.210895,1.214354,1.218556,1.227296,1.341945
13.000000,1.157289,1.150120,1.151359,1.160547,2.014802
14.000000,1.080323,1.079521,1.084783,1.097397,1.418417
15.000000,1.038128,1.032712,1.029710,1.038983,2.128224
16.000000,0.999773,0.984895,0.980121,0.986070,2.231861
17.000000,0.966497,0.942232,0.934915,0.937714,1.941454
18.000000,0.901004,0.893453,0.888384,0.890098,1.142735
19.000000,0.858089,0.842356,0.843478,0.844503,1.385573
20.000000,0.784841,0.793050,0.796039,0.798915,0.809137
21.000000,0.692364,0.735649,0.746997,0.752530,0.258034
22.000000,0.605280,0.683948,0.696457,0.708940,0.295911
23.000000,0.547716,0.628074,0.653506,0.668089,0.637504
24.000000,0.500275,0.590696,0.613796,0.631478,1.351255
25.000000,0.470424,0.542517,0.583862,0.600127,1.307717
26.000000,0.469558,0.493350,0.555097,0.576046,1.463322
27.000000,0.469982,0.444434,0.538990,0.566913,1.103363
28.000000,0.505114,0.438518,0.568549,0.609565,1.278189
29.000000,1.463131,1.113058,1.481512,1.554184,1.471342
30.000000,1.668340,1.279165,1.530066,1.583551,2.205327
31.000000,1.859137,1.533428,1.569029,1.613687,2.228246
32.000000,2.001723,1.720635,1.600579,1.607713,1.729490
33.000000,2.012790,1.819299,1.575503,1.611270,1.398200
34.000000,1.794968,1.730121,1.539591,1.566999,0.518221
35.000000,1.645838,1.761635,1.510858,1.589031,1.484654
36.000000,1.295877,1.674990,1.425367,1.558231,0.598763
37.000000,0.926528,1.575005,1.328475,1.527718,-0.009262
38.000000,0.812314,1.557126,1.334879,1.531035,0.914279
39.000000,1.057221,1.580864,1.355235,1.524651,1.531512
40.000000,0.813717,1.391800,1.363371,1.509001,0.420332
41.000000,0.657423,1.120539,1.383783,1.467088,-0.175946
42.000000,1.172436,1.155846,1.515569,1.504931,2.006540
43.000000,1.331815,1.179753,1.594599,1.496346,1.478072
44.000000,1.314136,1.337607,1.620649,1.511671,1.387251
45.000000,1.637866,1.380184,1.663369,1.501717,1.655948
46.000000,2.022423,1.547533,1.685933,1.479179,1.628040
47.000000,1.782473,1.710670,1.698581,1.450545,1.202119
48.000000,1.923016,1.876820,1.765366,1.506607,2.167018
49.000000,2.040466,1.934749,1.808130,1.546658,2.045601
50.000000,2.069222,2.094230,1.793760,1.613526,1.954135
51.000000,2.170050,2.310356,1.798989,1.720116,2.230012
52.000000,2.243281,2.215123,1.801955,1.794808,1.754321
53.000000,2.147627,2.191986,1.831829,1.851223,1.800348
54.000000,1.814352,2.024456,1.821137,1.810847,0.446783
55.000000,1.519931,1.869562,1.752233,1.778353,0.512952
56.000000,1.139335,1.738025,1.741526,1.739272,0.487137
57.000000,0.745489,1.613273,1.730718,1.696550,-0.056750
58.000000,0.390398,1.426617,1.690185,1.664300,0.286044
59.000000,0.286625,1.213352,1.600857,1.614006,-0.028874
60.000000,-0.040639,0.890664,1.520498,1.495263,-0.906801
61.000000,-0.333512,0.515417,1.482630,1.379983,-0.726887
62.000000,-0.604477,0.125308,1.295381,1.265705,-1.179953
63.000000,-1.042581,-0.349229,1.113037,1.147771,-1.542541
64.000000,-1.161555,-0.505576,1.007901,1.123643,-0.605235
65.000000,-1.140266,-0.705890,0.863378,1.037537,-0.846723
66.000000,-1.248179,-0.954762,0.685327,0.975936,-1.225567
67.000000,-0.901638,-0.901418,0.662737,1.034670,0.401141
68.000000,-0.899095,-1.152875,0.382073,0.943582,-1.525665
69.000000,-1.165852,-1.375529,0.034250,0.799312,-1.692969
70.000000,-1.629068,-1.626687,-0.497673,0.627207,-2.573588
71.000000,-1.729078,-1.738729,-1.028150,0.549035,-1.594701
72.000000,-2.244618,-1.876873,-1.618065,0.253878,-2.193385
73.000000,-2.188170,-1.865374,-2.077223,-0.006820,-1.624948
74.000000,-1.944633,-1.837177,-2.188519,-0.218145,-0.869695
75.000000,-1.532306,-1.763331,-2.230198,-0.482773,-0.734500
76.000000,-1.115690,-1.517377,-2.105977,-0.650052,0.339544
77.000000,-0.583120,-1.460405,-1.949738,-0.831511,0.283434
78.000000,-0.119438,-1.214210,-1.815117,-1.154810,0.467820
79.000000,0.124695,-0.999537,-1.699530,-1.570906,0.210215
80.000000,0.360317,-0.676959,-1.531740,-1.933723,0.279573
81.000000,0.002353,-0.659535,-1.539850,-2.453504,-1.358651
82.000000,-0.638606,-0.691845,-1.610420,-2.793109,-2.416183
83.000000,-1.317594,-0.758918,-1.619878,-2.882796,-2.104861
84.000000,-1.643473,-0.778899,-1.594871,-2.661699,-0.877823
85.000000,-0.261139,0.104824,-1.036657,-1.882211,3.992421
86.000000,1.800876,0.959575,-0.448167,-1.207455,3.317522
87.000000,3.466471,1.909882,0.078229,-0.478091,2.954659
88.000000,4.000659,2.860486,0.937133,0.461568,3.144273
89.000000,3.814409,3.294077,1.735050,1.368633,2.605331
90.000000,3.217375,3.334139,2.405590,2.159031,2.250068
91.000000,2.853217,3.317864,2.775016,2.675214,2.111692
92.000000,2.601485,3.261718,2.970440,2.956294,2.031841
93.000000,2.301540,3.122353,2.966734,3.025145,1.804999
94.000000,2.108209,2.956701,2.884244,2.971597,1.753376
95.000000,1.983657,2.650752,2.788981,2.898787,1.714825
96.000000,1.924026,2.457471,2.689976,2.849267,1.851035
97.000000,1.788115,2.259813,2.559065,2.698239,1.432536
98.000000,1.671630,2.051255,2.435263,2.595952,1.290011
99.000000,1.555786,1.891346,2.334248,2.503089,1.214821
100.000000,1.502316,1.800258,2.273347,2.465071,1.454899
101.000000,1.406665,1.717385,2.240369,2.400054,1.384447
102.000000,1.390268,1.642051,2.222816,2.350882,1.359607
103.000000,1.383283,1.579235,2.191722,2.289099,1.264409
104.000000,1.361978,1.507992,2.136218,2.212954,1.115703
105.000000,1.268888,1.430689,2.002562,2.139339,0.997142
106.000000,1.179116,1.335116,1.889064,2.060296,0.942314
107.000000,1.126168,1.300533,1.801312,2.004965,1.103832
108.000000,1.106291,1.288444,1.710874,1.960323,1.171078
109.000000,1.115237,1.283610,1.639165,1.924984,1.158205
110.000000,1.102410,1.229441,1.569636,1.882996,0.920951
111.000000,1.079326,1.171549,1.502127,1.858168,0.797754
112.000000,1.059304,1.133963,1.449260,1.856359,1.015210
113.000000,1.013470,1.100545,1.404627,1.850822,0.982524
114.000000,0.950585,1.075421,1.358638,1.832697,0.909410
115.000000,0.967546,1.071668,1.317327,1.763542,1.034751
116.000000,1.029738,1.075853,1.265277,1.701681,1.010167
117.000000,0.910627,1.018917,1.221418,1.633167,0.263463
118.000000,0.777948,0.947453,1.187697,1.557162,0.330094
119.000000,0.550216,0.829723,1.145783,1.484377,-0.308189
120.000000,0.432529,0.797320,1.104487,1.434332,0.613593
121.000000,0.310635,0.785719,1.065759,1.387521,0.610641
122.000000,0.524593,0.776477,1.040540,1.350605,1.334948
123.000000,1.445219,1.066433,1.095752,1.363395,3.753272
124.000000,2.346142,1.359922,1.154619,1.368104,2.844489
125.000000,2.787989,1.628793,1.225338,1.370070,2.448698
126.000000,3.011952,1.898566,1.312919,1.365106,2.344186
127.000000,3.001613,2.213101,1.392371,1.381870,2.192014
128.000000,2.613910,2.451495,1.473970,1.407400,2.083679
129.000000,2.377500,2.644329,1.558738,1.434882,1.872763
130.000000,2.230845,2.680634,1.683091,1.450428,1.873544
131.000000,2.039507,2.635019,1.797121,1.460688,1.531429
132.000000,1.847896,2.519377,1.858407,1.466383,1.350469
133.000000,1.711053,2.259524,1.914454,1.482683,1.461290
134.000000,1.537362,2.045339,1.928994,1.494907,1.062786
135.000000,1.365737,1.881894,1.929130,1.515872,1.052851
136.000000,1.271262,1.740524,1.929068,1.543704,1.081477
137.000000,1.147266,1.581293,1.933488,1.546980,0.755872
138.000000,0.995454,1.435008,1.927521,1.543827,0.744643
139.000000,0.811300,1.251958,1.901566,1.515580,0.182409
140.000000,0.585913,1.047924,1.828600,1.495734,-0.029730
141.000000,0.418678,0.916487,1.784889,1.497594,0.292946
142.000000,0.383632,0.836647,1.742013,1.494231,0.603890
143.000000,0.312228,0.720760,1.592473,1.483690,0.426519
144.000000,0.271861,0.601623,1.452181,1.459026,-0.031949
145.000000,0.275688,0.479087,1.329774,1.431173,-0.051706
146.000000,0.338435,0.417667,1.246717,1.434883,0.597288
147.000000,0.316107,0.387764,1.165496,1.462768,0.540950
148.000000,0.260019,0.319066,1.068231,1.476596,0.160777
149.000000,0.089386,0.213527,0.927114,1.474105,-1.148081
150.000000,-0.377882,0.003954,0.717079,1.408800,-2.543975
151.000000,-1.190853,-0.287371,0.520136,1.355249,-2.532711
152.000000,-1.490893,-0.373059,0.469489,1.390408,0.615969
153.000000,-1.428829,-0.365702,0.429276,1.350482,1.258706
154.000000,-0.809411,-0.269444,0.413607,1.323564,1.057825
155.000000,0.443726,-0.121784,0.400096,1.306212,1.104259
156.000000,1.454954,-0.208792,0.341777,1.263102,0.561042
157.000000,1.451310,-0.249173,0.327308,1.222574,0.706784
158.000000,1.199928,-0.205972,0.290928,1.166525,0.480938
159.000000,1.152681,0.310965,0.387138,1.133900,0.925986
160.000000,1.310195,1.317702,0.627853,1.124195,1.613954
161.000000,1.863578,2.311624,0.977579,1.189087,2.344106
162.000000,2.196389,2.460350,1.299245,1.259437,2.003622
163.000000,2.873457,2.756177,2.006132,1.444598,3.178470
164.000000,2.928659,2.759914,2.545110,1.594834,2.141834
165.000000,2.814516,2.716833,2.876867,1.735125,2.008742
166.000000,2.595008,2.695848,2.900388,1.848953,1.877185
167.000000,2.259881,2.494918,2.693799,1.874910,0.902544
168.000000,1.733445,2.341553,2.538732,1.882981,0.792657
169.000000,1.520339,2.240442,2.557552,1.990426,1.177188
170.000000,1.336013,2.112069,2.624226,2.100957,1.177775
171.000000,1.168979,1.946894,2.620996,2.151077,1.138546
172.000000,1.221984,1.831511,2.443018,2.158864,1.159546
173.000000,1.308906,1.612989,2.284860,2.175086,1.207918
174.000000,1.438750,1.569956,2.221011,2.266662,1.754825
175.000000,1.510245,1.510573,2.145739,2.306156,1.523622
176.000000,1.494939,1.415846,2.070682,2.246033,1.120105
177.000000,1.319874,1.343097,1.947199,2.127044,0.385900
178.000000,1.149246,1.291523,1.856304,2.043326,0.403759
179.000000,0.866148,1.207752,1.770183,2.019018,0.427603
180.000000,0.610933,1.124017,1.675240,2.037158,0.361206
181.000000,0.432612,1.050847,1.567728,2.041988,0.359621
182.000000,0.354627,0.940863,1.463109,1.925464,-0.069175
183.000000,0.310041,0.842894,1.309459,1.823023,0.196794
184.000000,0.228850,0.648893,1.203564,1.738616,0.094751
185.000000,0.193992,0.479473,1.110038,1.671166,0.253009
186.000000,0.135077,0.341304,1.017122,1.625770,0.115366
187.000000,0.161212,0.304626,0.986526,1.582016,-0.011352
188.000000,0.265255,0.327797,0.994557,1.574219,0.719319
189.000000,0.410127,0.348017,0.974665,1.558062,0.679751
190.000000,0.381671,0.318441,0.931255,1.512386,-0.075353
191.000000,0.465663,0.311656,0.897502,1.451222,0.193673
192.000000,-0.373762,-0.003191,0.751896,1.336856,-2.654201
193.000000,-2.286931,-0.881423,0.488699,1.104866,-3.634923
194.000000,-3.362281,-1.998873,0.086064,0.899105,-3.158230
195.000000,-3.427588,-2.813088,-0.321533,0.707876,-2.291138
196.000000,-3.275175,-2.997364,-0.691418,0.531662,-1.614051
197.000000,-2.776413,-2.912983,-0.975924,0.426489,-1.243968
198.000000,-2.159828,-2.826201,-1.285725,0.333061,-0.972200
199.000000,-1.553076,-2.646816,-1.555178,0.219416,-0.535933
200.000000,-0.927476,-2.312488,-1.629452,0.155115,0.400593
201.000000,-0.212834,-1.932489,-1.487541,0.167040,1.391586
202.000000,0.323956,-1.460332,-1.330019,0.138337,0.976545
203.000000,0.847920,-0.825778,-1.166014,0.116548,1.173645
204.000000,1.252793,-0.174633,-0.979987,-0.007431,1.192851
205.000000,1.451762,0.414672,-0.799002,-0.111596,1.300007
206.000000,1.460181,0.942773,-0.576797,-0.132130,1.456685
207.000000,1.507624,1.363445,-0.372383,-0.017838,1.246441
208.000000,1.503158,1.705998,-0.231173,0.131310,1.248126
209.000000,1.581390,1.990046,-0.001421,0.412737,1.613845
210.000000,1.480964,1.985926,0.183213,0.593963,0.960120
211.000000,1.347659,1.841854,0.349446,0.769564,0.911011
212.000000,1.354964,1.825374,0.853958,1.132808,1.305176
213.000000,1.320090,1.756755,1.471807,1.374034,1.125008
214.000000,1.028589,1.581405,1.877707,1.400934,0.320136
215.000000,0.757434,1.338958,2.024474,1.257974,-0.250778
216.000000,0.647098,1.189313,2.148252,1.302365,0.397335
217.000000,0.898707,1.343938,2.450219,1.803176,2.220266
218.000000,1.207486,1.498911,2.619380,2.163001,2.199198
219.000000,1.648924,1.591994,2.663714,2.437855,2.092442
220.000000,2.056275,1.708513,2.578388,2.614006,1.825324
221.000000,2.286715,1.833816,2.459130,2.714175,1.921275
222.000000,2.125737,1.862296,2.359397,2.813836,1.680171
223.000000,1.953072,1.876439,2.248026,2.860245,1.541432
224.000000,1.789310,1.935664,2.145495,2.829202,1.413603
225.000000,1.711953,2.039274,2.069475,2.755377,1.520764
226.000000,1.592554,2.055166,1.989027,2.643953,1.350067
227.000000,1.517365,1.921667,1.927951,2.533069,1.300918
228.000000,1.479684,1.809066,1.879443,2.433795,1.338601
229.000000,1.486465,1.724697,1.827290,2.342105,1.418352
230.000000,1.439596,1.662139,1.804956,2.230349,1.287732
231.000000,1.492565,1.622705,1.807996,2.125828,1.603139
232.000000,1.538210,1.603755,1.789997,2.051183,1.525706
233.000000,1.599394,1.612941,1.790870,1.990847,1.641289
234.000000,1.570958,1.599210,1.807850,1.928232,1.314047
235.000000,1.539239,1.555379,1.838367,1.869239,1.171572
236.000000,1.426366,1.520041,1.834174,1.811876,1.071206
237.000000,1.273040,1.460009,1.739118,1.755516,0.784585
238.000000,1.026673,1.363731,1.634674,1.693010,0.447456
239.000000,0.847557,1.263381,1.541046,1.627595,0.450853
240.000000,0.783857,1.224899,1.488558,1.605402,0.883372
241.000000,0.698857,1.132455,1.422487,1.581386,0.684793
242.000000,0.672048,1.044058,1.370465,1.548221,0.658758
243.000000,0.753870,0.951735,1.335097,1.529626,0.806176
244.000000,0.876400,0.911654,1.317977,1.544170,0.997402
245.000000,0.871164,0.871246,1.288331,1.573234,0.898307
246.000000,0.960278,0.853503,1.276573,1.588595,1.298482
247.000000,1.100185,0.879980,1.267897,1.545973,1.333668
248.000000,1.344760,1.002963,1.270113,1.512315,1.900540
249.000000,1.545337,1.143394,1.262794,1.480285,1.735621
250.000000,1.560970,1.159043,1.238381,1.445214,0.759798
251.000000,1.408503,1.198014,1.183169,1.401515,0.543826
252.000000,1.271937,1.262493,1.132362,1.370230,0.652295
253.000000,0.987887,1.303090,1.064877,1.344368,0.600705
254.000000,0.649498,1.259752,1.012265,1.319842,0.249260
255.000000,0.614382,1.254872,0.978883,1.293335,0.602913
256.000000,0.462343,1.112808,0.930967,1.263761,-0.231631
257.000000,0.297148,0.978390,0.916825,1.238975,-0.107805
258.000000,0.393941,0.869562,0.980205,1.228683,1.127920
259.000000,0.331875,0.628343,1.021114,1.195355,-0.114863
260.000000,0.614469,0.763779,1.074474,1.195454,1.740557
261.000000,1.272128,1.005980,1.177262,1.177267,1.878120
262.000000,1.994347,1.361080,1.335467,1.172135,2.319031
263.000000,1.782752,1.421230,1.394602,1.119316,0.623694
264.000000,2.228746,1.784237,1.497687,1.118406,1.995727
265.000000,2.278991,2.074704,1.623239,1.137102,2.169169
266.000000,2.058701,2.243123,1.629074,1.141589,1.244413
267.000000,1.007936,1.806164,1.389602,1.082920,-1.821461
268.000000,0.314014,1.220874,1.079819,1.049809,-2.048415
269.000000,-0.495521,1.032135,0.858333,1.054428,-1.132612
270.000000,-1.717165,0.366213,0.621200,0.969251,-2.025626
271.000000,-2.216566,-0.063054,0.536906,0.959687,-0.634111
272.000000,-1.596858,-0.406688,0.553952,1.008698,0.393359
273.000000,-1.488876,-0.967617,0.297944,0.928191,-1.631852
274.000000,-1.643024,-1.854239,0.018118,0.782790,-1.664203
275.000000,-1.896505,-2.894947,-0.628706,0.504482,-2.671170
276.000000,-2.308392,-3.240044,-1.188737,0.165008,-2.242559
277.000000,-2.723985,-2.971586,-1.755059,-0.253470,-2.091788
278.000000,-2.625442,-2.711146,-2.295002,-0.805896,-1.904657
279.000000,-2.586389,-2.653581,-2.563076,-1.442608,-2.068752
280.000000,-2.097574,-2.319802,-2.591456,-1.713787,-0.782740
281.000000,-1.824320,-2.244871,-2.645973,-1.980805,-1.119397
282.000000,-1.506922,-2.207340,-2.627219,-2.116729,-0.715417
283.000000,-1.208175,-2.002180,-2.471218,-2.160722,-0.574706
284.000000,-0.949699,-1.874149,-2.466535,-2.185311,-0.930179
285.000000,-0.934048,-1.637907,-2.436786,-2.174251,-0.726183
286.000000,-0.721761,-1.386565,-2.302510,-2.032621,-0.196257
287.000000,-0.481967,-1.090939,-1.995896,-1.858059,0.333373
288.000000,-0.275199,-0.820232,-1.744384,-1.770542,0.338011
289.000000,0.068060,-0.492144,-1.565507,-1.617913,0.554031
290.000000,0.377231,-0.319511,-1.361452,-1.562588,0.602578
291.000000,0.504862,-0.134958,-1.275354,-1.555006,0.336844
292.000000,0.456343,-0.031506,-1.274662,-1.603998,0.084518
293.000000,0.753665,0.250161,-1.053991,-1.437972,1.622887
294.000000,1.164987,0.677249,-0.786326,-1.307400,2.191478
295.000000,1.732232,1.176697,-0.377146,-1.155199,2.666902
296.000000,2.372568,1.647489,0.082165,-0.935156,2.704489
297.000000,2.764331,1.974160,0.575590,-0.546519,2.343338
298.000000,2.641761,2.159227,1.038522,-0.172000,1.858234
299.000000,2.426904,2.251808,1.513086,0.166527,1.724621
300.000000,2.051566,2.198655,1.728746,0.503515,1.083924
301.000000,1.699385,2.155092,1.930691,0.762360,1.005956
302.000000,1.416488,2.126463,2.053445,0.978801,0.990102
303.000000,1.312857,2.023454,2.164157,1.460087,1.354849
304.000000,1.193371,1.872161,2.233633,1.900021,1.169668
305.000000,1.159139,1.680393,2.222280,2.310432,0.967800
306.000000,1.227725,1.544060,2.198171,2.604637,1.379284
307.000000,1.186102,1.372094,2.083646,2.652912,0.802349
308.000000,1.090801,1.259917,1.992133,2.629881,0.892687
309.000000,0.963301,1.124079,1.875077,2.553414,0.508731
310.000000,0.800533,1.020799,1.751921,2.365652,0.105481
311.000000,0.553014,0.942136,1.670430,2.250977,0.212403
312.000000,0.604951,0.953404,1.664129,2.195786,1.113463
313.000000,0.803407,0.997614,1.639703,2.187409,1.866867
314.000000,1.098193,1.063756,1.596533,2.186348,1.813454
315.000000,1.434072,1.129725,1.524744,2.151966,1.508754
316.000000,1.582595,1.067434,1.415395,2.059919,0.711833
317.000000,1.334600,0.987919,1.276869,1.922142,-0.296718
318.000000,0.920994,0.913370,1.176204,1.820048,-0.105476
319.000000,0.657007,0.978372,1.121208,1.758508,0.768640
320.000000,0.320926,1.058011,1.085961,1.689256,0.206337
321.000000,0.105317,1.104110,1.048581,1.634813,-0.149017
322.000000,0.132984,1.012062,1.016294,1.599769,-0.415888
323.000000,0.090485,0.750804,0.955930,1.521656,-0.444910
324.000000,0.025894,0.569683,0.956663,1.464532,0.865681
325.000000,0.507247,0.525305,1.010543,1.413938,1.626070
326.000000,1.312617,0.770569,1.039564,1.365735,1.864210
327.000000,2.188813,1.510617,1.161094,1.336964,2.199514
328.000000,2.697171,2.160612,1.271592,1.321984,1.897440
329.000000,2.689706,2.390152,1.419478,1.307444,1.693024
330.000000,2.332367,2.488189,1.568953,1.305448,0.945262
331.000000,1.964141,2.521368,1.691836,1.305774,0.748639
332.000000,1.597208,2.525375,1.719090,1.318542,0.833295
333.000000,1.581481,2.663379,1.734679,1.349974,1.849113
334.000000,1.789372,2.692493,1.814956,1.430396,2.397850
335.000000,1.862331,2.465493,1.813480,1.479402,1.339473
336.000000,2.016646,2.310946,1.919326,1.508849,1.587611
337.000000,2.012551,2.089204,2.060985,1.560023,1.133913
338.000000,1.840826,1.950960,2.151463,1.608262,1.232953
339.000000,1.630340,1.903112,2.168333,1.700686,1.543011
340.000000,1.598788,1.907595,2.192917,1.805005,1.276863
341.000000,1.734621,2.050763,2.302274,1.947802,2.174310
342.000000,1.990270,2.174565,2.381875,2.025094,2.240940
343.000000,2.011409,2.080823,2.358272,1.986777,1.512516
344.000000,1.837846,1.865523,2.232756,1.909252,1.007965
345.000000,1.743361,1.784182,2.101497,1.852000,1.037906
346.000000,1.566849,1.728775,2.010209,1.864332,1.359868
347.000000,1.232047,1.650298,1.873903,1.884481,0.723377
348.000000,1.126838,1.610921,1.793569,1.906925,1.076516
349.000000,1.139353,1.543882,1.733334,1.882226,1.093257
350.000000,1.198288,1.532237,1.728469,1.892232,1.315301
351.000000,1.352424,1.512817,1.780125,1.946728,2.074826
352.000000,1.698320,1.499458,1.834459,1.999949,2.260167
353.000000,1.966926,1.573708,1.842753,2.041660,2.286401
354.000000,2.077543,1.636570,1.779586,2.010193,1.567793
355.000000,2.092790,1.685380,1.762651,1.957244,1.384533
356.000000,1.852540,1.652470,1.712626,1.888286,0.942596
357.000000,1.622079,1.716511,1.702972,1.829308,1.212341
358.000000,1.544206,1.813075,1.729901,1.814901,1.918712
359.000000,1.687233,1.934188,1.755839,1.821464,2.156092
360.000000,1.849821,2.018168,1.791250,1.848369,2.100331
361.000000,1.940752,1.944029,1.742043,1.849847,1.472024
362.000000,1.925484,1.824746,1.673942,1.837276,1.200400
363.000000,1.722378,1.676132,1.635919,1.787582,0.919798
364.000000,1.366353,1.557122,1.606391,1.704601,0.468046
365.000000,0.988336,1.456209,1.578231,1.658919,0.376559
366.000000,0.694467,1.381655,1.522726,1.602034,0.123588
367.000000,0.506120,1.310268,1.519502,1.573858,0.352574
368.000000,0.351919,1.149418,1.493769,1.542824,0.237503
369.000000,0.355212,0.967787,1.482989,1.511659,0.502147
370.000000,0.250955,0.709167,1.434389,1.473763,-0.136618
371.000000,0.146182,0.491257,1.327451,1.396869,-0.398392
372.000000,0.027464,0.323395,1.214807,1.321552,-0.141998
373.000000,-0.012225,0.210388,1.107292,1.284964,0.089874
374.000000,-0.131317,0.153580,1.043061,1.273863,0.044543
375.000000,0.053382,0.181436,1.022203,1.286015,0.720016
376.000000,0.415011,0.306210,1.053840,1.298378,1.160663
377.000000,0.640254,0.350181,1.049674,1.330872,0.731053
378.000000,0.816700,0.409297,0.984823,1.348083,0.655345
379.000000,0.881120,0.349932,0.853246,1.352171,-0.059652
380.000000,0.379549,0.224014,0.631610,1.312562,-1.576384
381.000000,-0.416597,0.135678,0.446300,1.231596,-1.432128
382.000000,-1.075054,-0.009952,0.268456,1.133886,-1.237560
383.000000,-1.685998,-0.299323,0.073278,1.011883,-1.451568
384.000000,-1.838576,-0.530369,-0.059892,0.941921,-0.921858
385.000000,-1.600582,-0.953427,-0.205826,0.879195,-0.859726
386.000000,-1.464444,-1.558668,-0.369831,0.837197,-1.047877
387.000000,-1.502457,-2.034779,-0.691529,0.746632,-1.479951
388.000000,-1.267056,-2.154475,-0.945063,0.609436,-0.635910
389.000000,-1.269751,-2.162900,-1.333685,0.368494,-1.101813
390.000000,-1.106739,-1.847401,-1.394916,0.114314,-0.216583
391.000000,-0.836846,-1.550770,-1.300146,-0.076203,0.284249
392.000000,-0.267423,-1.222113,-1.159256,-0.211880,1.030777
393.000000,-0.231245,-1.065560,-1.245271,-0.428856,-0.608628
394.000000,-0.278692,-1.131723,-1.404008,-0.671339,-1.516446
395.000000,-0.831092,-1.310444,-1.722870,-0.976855,-2.040855
396.000000,-0.950135,-1.178813,-1.842022,-1.086201,-0.136323
397.000000,-3.836621,-2.914187,-3.009197,-2.376078,-5.033850
398.000000,-4.013571,-3.552069,-3.311153,-2.953240,-3.149866
399.000000,-3.780445,-3.592716,-3.310316,-3.162234,-2.658689
400.000000,-3.548792,-3.532136,-3.197543,-3.149974,-2.521082
401.000000,-3.390145,-3.379604,-3.057501,-3.037200,-2.197857
402.000000,-2.719416,-3.210780,-2.909411,-2.907530,-1.901736
403.000000,-2.373916,-3.001022,-2.758954,-2.781693,-1.690889
404.000000,-2.095240,-2.793600,-2.628161,-2.648158,-1.447084
405.000000,-1.835347,-2.614178,-2.514672,-2.549822,-1.326827
406.000000,-1.628554,-2.509302,-2.413624,-2.470995,-1.238276
407.000000,-1.456787,-2.144258,-2.309914,-2.381234,-1.102242
408.000000,-1.301474,-1.911264,-2.230898,-2.295325,-0.962640
409.000000,-1.124160,-1.689152,-2.123773,-2.186101,-0.603725
410.000000,-0.930337,-1.463282,-2.032733,-2.061986,-0.403503
411.000000,-0.757761,-1.273916,-1.964401,-1.964571,-0.424145
412.000000,-0.581239,-1.099180,-1.904155,-1.876376,-0.277613
413.000000,-0.406067,-0.931988,-1.824924,-1.790424,-0.152549
414.000000,-0.305362,-0.788474,-1.747351,-1.725557,-0.135748
415.000000,-0.232451,-0.647631,-1.670282,-1.668278,-0.061092
416.000000,-0.183740,-0.529222,-1.637858,-1.627390,-0.208851
417.000000,-0.192030,-0.435947,-1.451278,-1.593509,-0.325675
418.000000,-0.217843,-0.350632,-1.319632,-1.574771,-0.268435
419.000000,-0.148750,-0.257871,-1.175651,-1.529620,0.211568
420.000000,-0.096396,-0.189551,-1.031728,-1.503753,0.211845
421.000000,-0.014851,-0.120509,-0.903067,-1.492527,0.169114
422.000000,0.116814,-0.062872,-0.785290,-1.493815,0.237717
423.000000,0.280807,-0.004797,-0.668299,-1.480495,0.400249
424.000000,0.261004,0.022336,-0.580094,-1.479606,0.052193
425.000000,0.142423,-0.005090,-0.516225,-1.495726,-0.424129
426.000000,0.115636,0.038417,-0.433866,-1.533410,0.022330
427.000000,0.065977,0.130665,-0.342887,-1.399052,0.129225
428.000000,-0.264831,0.128045,-0.293311,-1.330291,-0.869969
429.000000,-0.377878,0.035455,-0.262165,-1.253820,-0.441563
430.000000,-0.198986,0.006852,-0.217890,-1.145509,0.248058
431.000000,0.091705,0.142913,-0.086976,-1.005413,1.507009
432.000000,0.337281,0.237493,0.036683,-0.872130,1.304656
433.000000,0.827483,0.271331,0.154168,-0.739717,1.146796
434.000000,1.297265,0.412149,0.315614,-0.602493,1.355892
435.000000,1.603925,0.662463,0.495539,-0.452184,1.372312
436.000000,1.587106,0.879615,0.746271,-0.284917,1.349449
437.000000,1.617305,1.100105,1.046009,-0.107033,1.309140
438.000000,1.646271,1.520939,1.278636,0.072387,1.105828
439.000000,1.500031,1.854541,1.280339,0.204353,0.670060
440.000000,0.857628,1.779006,1.088350,0.242015,-1.195526
441.000000,0.198628,1.421073,0.917799,0.291421,-1.103389
442.000000,-0.325620,1.125285,0.791895,0.342624,-0.602315
443.000000,-0.747020,0.824898,0.656087,0.378961,-0.497894
444.000000,-1.425865,0.100412,0.461336,0.318110,-1.906102
445.000000,-1.366637,-0.463503,0.463202,0.286460,-1.020949
446.000000,-1.738803,-1.368045,0.171244,0.151073,-2.409563
447.000000,-2.293680,-2.244011,-0.384763,-0.050507,-2.750815
448.000000,-2.846282,-2.920088,-1.152745,-0.409633,-3.094204
449.000000,-2.795847,-3.067763,-2.006709,-0.832119,-2.289180
450.000000,-2.730781,-2.863881,-2.709310,-1.162628,-1.729072
451.000000,-2.442685,-2.681038,-3.152940,-1.403602,-1.441352
452.000000,-2.012589,-2.480820,-3.074588,-1.514444,-0.758670
453.000000,-1.479893,-2.305769,-2.882826,-1.596343,-0.527929
454.000000,-0.918005,-1.957034,-2.609366,-1.501016,0.328941
455.000000,-0.584018,-1.801438,-2.488314,-1.436443,-0.200087
456.000000,-0.219056,-1.507655,-2.332642,-1.407151,0.185030
457.000000,0.005107,-1.181989,-2.201418,-1.367712,0.236424
458.000000,0.362875,-0.671437,-1.979572,-1.132134,1.052645
459.000000,0.540698,-0.226834,-1.767652,-0.935567,1.093997
460.000000,0.885361,0.193488,-1.449992,-0.764941,1.311137
461.000000,1.061567,0.536194,-1.213142,-0.739433,1.010419
462.000000,1.298784,0.836417,-0.973167,-0.635568,1.381844
463.000000,1.581958,1.241805,-0.596615,-0.355940,2.281049
464.000000,1.854750,1.528462,-0.085030,-0.056692,2.284852
465.000000,2.012816,1.815483,0.368221,0.235081,2.065955
466.000000,2.217414,2.034423,0.994598,0.589006,2.151432
467.000000,2.252457,2.156648,1.609311,0.915061,1.839763
468.000000,2.142642,2.186391,2.220347,1.289780,1.853185
469.000000,2.019758,2.192329,2.581079,1.674691,1.756823
470.000000,1.917720,2.158804,2.723160,2.093617,1.651129
471.000000,1.742278,2.107581,2.713741,2.337141,1.354618
472.000000,1.614430,2.024608,2.621732,2.445887,1.260198
473.000000,1.461818,1.870511,2.507463,2.463235,1.117989
474.000000,1.327814,1.727642,2.366462,2.494261,1.096211
475.000000,1.160820,1.583900,2.252287,2.419172,0.832872
476.000000,1.092419,1.462598,2.157492,2.419667,1.022208
477.000000,1.044864,1.374870,2.075942,2.421021,1.037548
478.000000,1.038433,1.294396,1.979302,2.437486,1.112193
479.000000,1.022453,1.216229,1.890639,2.401355,1.044975
480.000000,1.020735,1.123800,1.792087,2.327291,0.792534
481.000000,1.005385,1.073965,1.728176,2.264759,0.937639
482.000000,0.909321,0.998817,1.640482,2.165977,0.493876
483.000000,0.872318,0.978126,1.550405,2.102318,0.974064
484.000000,0.856007,0.963047,1.467018,2.023946,1.012618
485.000000,0.920467,0.991224,1.400892,1.977161,1.119031
486.000000,0.956238,0.998927,1.332127,1.925785,1.137525
487.000000,1.085859,0.997012,1.276101,1.876445,1.020389
488.000000,1.114416,0.988031,1.221469,1.811262,1.076477
489.000000,1.059429,0.955704,1.158636,1.741833,0.586748
490.000000,0.993908,0.971206,1.103875,1.678050,0.729349
491.000000,0.947751,0.978613,1.071579,1.635233,0.933525
492.000000,0.962951,1.075288,1.048893,1.590066,1.194323
493.000000,0.775540,1.041416,1.019199,1.507262,-0.108129
494.000000,0.743782,1.008352,0.994309,1.429128,0.113858
495.000000,0.966686,1.044792,1.022493,1.376269,1.695153
496.000000,0.982752,1.034829,1.024616,1.312330,0.997932
497.000000,1.339780,1.189878,1.059763,1.279001,2.425908
498.000000,2.188025,1.459151,1.113777,1.255141,2.892723
499.000000,2.657439,1.821613,1.176310,1.232268,2.412461
500.000000,2.845008,2.218555,1.309095,1.227017,2.846365
501.000000,2.792808,2.308529,1.388728,1.220879,1.772493
502.000000,2.544653,2.318484,1.524366,1.221869,1.682197
503.000000,2.251354,2.409986,1.602513,1.235493,1.611945
504.000000,1.978174,2.385378,1.651685,1.243349,1.171947
505.000000,1.513236,2.191689,1.653202,1.264379,0.623520
506.000000,0.944902,1.905556,1.546150,1.233478,-0.998339
507.000000,0.179847,1.456788,1.387885,1.177909,-1.750550
508.000000,-0.440923,1.063119,1.270464,1.132931,-0.938994
509.000000,-1.229155,0.538806,1.104423,1.052088,-1.923699
510.000000,-1.791295,-0.116923,0.916503,0.988856,-1.808304
511.000000,-1.917397,-0.673551,0.705816,0.904195,-1.675971
512.000000,-2.064108,-1.401980,0.374761,0.808820,-2.390768
513.000000,-2.208138,-1.978907,0.143245,0.668259,-1.872353
514.000000,-1.970566,-2.233053,-0.016230,0.550286,-1.086333
515.000000,-2.003039,-2.469986,-0.461054,0.300397,-2.041978
516.000000,-2.038925,-2.458364,-0.904036,-0.016341,-1.976666
517.000000,-1.801892,-2.279593,-1.340547,-0.306588,-1.336712
518.000000,-1.641669,-2.181920,-1.773781,-0.633873,-1.173515
519.000000,-1.612559,-2.005710,-2.096122,-0.927375,-1.067702
520.000000,-1.391548,-1.858285,-2.372644,-1.235650,-0.987567
521.000000,-1.287455,-1.802282,-2.524110,-1.604161,-1.453909
522.000000,-1.274974,-1.668589,-2.565576,-1.875469,-1.284092
523.000000,-1.481707,-1.698477,-2.650510,-2.155041,-2.070908
524.000000,-1.543194,-1.706843,-2.583792,-2.259157,-1.405324
525.000000,-1.464802,-1.542072,-2.423141,-2.267975,-0.721043
526.000000,-1.399101,-1.445578,-2.270520,-2.285327,-1.150716
527.000000,-1.378132,-1.421084,-2.124672,-2.328963,-1.202449
528.000000,-1.204081,-1.415779,-2.040388,-2.366456,-1.236161
529.000000,-1.171197,-1.423357,-1.933922,-2.365502,-1.261960
530.000000,-1.204385,-1.396890,-1.822492,-2.342396,-0.878423
531.000000,-1.171403,-1.338556,-1.738578,-2.283966,-0.973386
532.000000,-1.081087,-1.276302,-1.622289,-2.215240,-0.709718
533.000000,-0.928103,-1.105903,-1.524824,-2.143325,-0.406588
534.000000,-0.705571,-0.990168,-1.461847,-2.062079,-0.101646
535.000000,-0.594560,-0.974561,-1.367470,-1.990714,-0.283010
536.000000,-0.287442,-0.853181,-1.251022,-1.867195,0.557650
537.000000,0.101897,-0.677170,-1.158273,-1.731512,1.019307
538.000000,0.477901,-0.468877,-1.080017,-1.640850,1.071358
539.000000,1.051576,-0.118259,-0.976796,-1.505782,2.035058
540.000000,1.582800,0.199703,-0.892008,-1.398206,1.586458
541.000000,1.813995,0.602645,-0.777263,-1.307129,1.400976
542.000000,1.872230,1.015736,-0.664479,-1.192529,1.350126
543.000000,2.131850,1.531037,-0.414120,-1.062988,2.272562
544.000000,1.646648,1.637979,-0.300148,-1.039708,0.145413
545.000000,1.231352,1.668148,-0.254765,-0.975801,-0.105135
546.000000,0.872721,1.543140,-0.146263,-0.906332,-0.118600
547.000000,0.535777,1.364174,-0.001902,-0.867926,-0.090240
548.000000,0.028928,1.247386,0.214331,-0.823298,0.286611
549.000000,-0.127980,0.894798,0.427161,-0.816261,-0.492904
550.000000,-0.110455,0.673358,0.661180,-0.797932,-0.033955
551.000000,-0.026312,0.514364,0.995595,-0.727630,0.225237
552.000000,0.122040,0.400221,1.350340,-0.647139,0.513159
553.000000,0.147478,0.106588,1.567853,-0.463164,0.423005
554.000000,0.307079,0.106084,1.615956,-0.330840,0.158174
555.000000,0.333749,0.130568,1.630950,-0.269866,0.062849
556.000000,0.301407,0.159782,1.517860,-0.112495,0.083556
557.000000,0.299048,0.244850,1.404784,0.164059,0.546085
558.000000,0.139849,0.170039,1.220822,0.491726,-0.277892
559.000000,-0.131859,0.120554,0.868388,0.884524,-1.106607
560.000000,-0.647560,-0.140581,0.473681,1.100117,-2.084300
561.000000,-1.316388,-0.531065,0.054030,1.265430,-2.351424
562.000000,-2.081573,-1.028697,-0.388011,1.195600,-2.215867
563.000000,-2.423876,-1.471284,-0.968995,0.906591,-1.867186
564.000000,-2.459374,-1.828104,-1.260127,0.438263,-1.753982
565.000000,-2.223076,-2.079973,-1.471553,0.101484,-1.402645
566.000000,-2.111633,-2.361241,-1.756591,-0.702923,-2.001174
567.000000,-2.175448,-2.662783,-2.100083,-1.820100,-2.522847
568.000000,-2.152808,-2.653384,-2.322094,-2.545478,-1.944176
569.000000,-2.165766,-2.563029,-2.386881,-3.090468,-2.005788
570.000000,-2.151303,-2.366299,-2.393781,-3.156329,-1.584303
571.000000,-1.945805,-2.140785,-2.333536,-3.022537,-1.092083
572.000000,-1.709908,-2.004941,-2.316764,-2.922106,-1.374836
573.000000,-1.582099,-1.913370,-2.266033,-2.884544,-1.325658
574.000000,-1.320160,-1.786782,-2.160626,-2.621707,-0.767916
575.000000,-1.097202,-1.685836,-2.052688,-2.397760,-0.547365
576.000000,-1.027675,-1.561673,-1.982554,-2.247698,-0.781601
577.000000,-0.693083,-1.281000,-1.883782,-2.061487,0.175661
578.000000,-0.375047,-1.058598,-1.770781,-1.934018,0.192883
579.000000,-0.105032,-0.783433,-1.630550,-1.766234,0.510244
580.000000,0.141712,-0.538556,-1.468350,-1.644319,0.602396
581.000000,0.376244,-0.384753,-1.333117,-1.575306,0.265737
582.000000,0.346929,-0.214457,-1.227869,-1.545958,0.007841
583.000000,0.324868,-0.047214,-1.141635,-1.517305,0.060039
584.000000,0.100611,-0.009762,-1.097415,-1.515389,-0.582887
585.000000,-0.373242,-0.105696,-1.129732,-1.556764,-1.578394
586.000000,-0.624961,-0.083173,-1.081503,-1.561040,-0.771039
587.000000,-0.848013,-0.201802,-0.988774,-1.590515,-0.870889
588.000000,-1.342944,-0.457412,-0.988587,-1.635942,-1.997435
589.000000,-1.652713,-0.781293,-0.966696,-1.651882,-1.743179
590.000000,-1.347691,-0.980973,-0.889938,-1.583278,-0.180667
591.000000,-1.312829,-1.186382,-0.876721,-1.526244,-0.530338
592.000000,-1.210398,-1.337812,-0.822235,-1.474604,-0.430787
593.000000,-0.896575,-1.535994,-0.790334,-1.452327,-0.722522
594.000000,-0.649149,-1.609792,-0.827405,-1.438997,-0.750686
595.000000,-0.879132,-1.544207,-0.941594,-1.466096,-1.108375
596.000000,-1.044919,-1.626372,-1.062519,-1.464435,-1.205666
597.000000,-1.060994,-1.543888,-1.284398,-1.381716,-0.566803
598.000000,-1.023262,-1.289512,-1.542733,-1.330086,-0.635140
599.000000,-1.081200,-1.152901,-1.931169,-1.277942,-1.061661
600.000000,-0.921812,-1.166680,-2.237106,-1.217960,-0.439641
601.000000,-0.875717,-1.216359,-2.500550,-1.229165,-1.024432
602.000000,-1.065885,-1.330994,-2.639163,-1.229356,-1.377107
603.000000,-1.028722,-1.270696,-2.567628,-1.174671,-0.510649
604.000000,-0.917323,-1.224535,-2.397014,-1.173922,-0.596919
605.000000,-1.268794,-1.336445,-2.275703,-1.287991,-1.934068
606.000000,-1.317917,-1.328319,-2.183371,-1.332691,-1.262696
607.000000,-1.294910,-1.399939,-2.097559,-1.470841,-1.302555
608.000000,-1.440124,-1.442046,-1.917339,-1.598544,-1.225514
609.000000,-1.567439,-1.434198,-1.786574,-1.754428,-1.250082
610.000000,-1.280897,-1.428412,-1.746615,-1.870138,-0.582953
611.000000,-1.300258,-1.434603,-1.735494,-1.986441,-1.320007
612.000000,-1.429917,-1.463024,-1.767934,-2.090261,-1.878329
613.000000,-1.523412,-1.572734,-1.743689,-2.152445,-1.423643
614.000000,-1.586341,-1.669667,-1.708991,-2.140171,-1.230339
615.000000,-1.871909,-1.609803,-1.666887,-2.058130,-1.572490
616.000000,-1.990322,-1.698293,-1.639591,-2.046424,-1.837665
617.000000,-2.059455,-1.840759,-1.697010,-2.041276,-2.253690
618.000000,-2.145807,-1.948291,-1.736798,-1.954080,-2.010798
619.000000,-2.098559,-1.937532,-1.714556,-1.855876,-1.392321
620.000000,-1.884852,-1.939753,-1.710875,-1.825136,-0.856008
621.000000,-1.684967,-1.864928,-1.683042,-1.787729,-1.027715
622.000000,-1.385260,-1.722003,-1.635794,-1.755010,-0.920988
623.000000,-1.390254,-1.778176,-1.723287,-1.759788,-2.067664
624.000000,-1.564814,-1.854625,-1.808792,-1.765848,-2.097508
625.000000,-1.812577,-1.878520,-1.787754,-1.748306,-1.927652
626.000000,-2.166923,-1.966613,-1.872284,-1.765858,-2.573222
627.000000,-2.329944,-1.926281,-1.906142,-1.788053,-1.956979
628.000000,-2.181075,-1.862587,-1.910565,-1.788728,-1.524205
629.000000,-2.044315,-1.871833,-1.909106,-1.778384,-1.526548
630.000000,-1.978510,-1.943156,-1.950460,-1.804309,-1.651687
631.000000,-1.775475,-1.985238,-1.943150,-1.805527,-1.617137
632.000000,-1.788989,-2.073546,-1.937291,-1.816712,-2.017448
633.000000,-1.804498,-2.015375,-1.926205,-1.848810,-1.630709
634.000000,-1.733930,-1.913556,-1.896068,-1.857928,-1.197293
635.000000,-1.562477,-1.794228,-1.835574,-1.795198,-0.846498
636.000000,-1.493447,-1.658682,-1.796129,-1.786948,-1.297434
637.000000,-1.383348,-1.611676,-1.754592,-1.786871,-1.537501
638.000000,-1.371943,-1.615991,-1.730680,-1.791414,-1.590456
639.000000,-1.432712,-1.609155,-1.732556,-1.788809,-1.488445
640.000000,-1.576566,-1.595861,-1.760117,-1.809963,-1.550770
641.000000,-1.465727,-1.504357,-1.734919,-1.772454,-0.737543
642.000000,-1.370839,-1.400511,-1.731945,-1.734057,-1.067057
643.000000,-1.330492,-1.374272,-1.700493,-1.724416,-1.401969
644.000000,-1.377241,-1.427859,-1.683710,-1.731770,-1.715032
645.000000,-1.449767,-1.539488,-1.683104,-1.738264,-1.878414
646.000000,-1.496229,-1.504112,-1.597600,-1.702196,-0.906758
647.000000,-1.239731,-1.330154,-1.488842,-1.616798,0.261056
648.000000,-0.841992,-1.120331,-1.393334,-1.535249,0.567701
649.000000,-0.224939,-0.861599,-1.276296,-1.462625,1.152528
650.000000,0.729656,-0.473438,-1.107727,-1.380674,2.171448
651.000000,1.408098,-0.197523,-0.957907,-1.312806,1.830641
652.000000,1.836471,0.175064,-0.768425,-1.251697,1.927198
653.000000,2.141729,0.653755,-0.592073,-1.157059,1.791732
654.000000,2.056513,1.107167,-0.487231,-1.091996,0.875937
655.000000,1.860516,1.694917,-0.354814,-1.004291,1.451051
656.000000,1.667014,2.013568,-0.182758,-0.883399,1.155900
657.000000,1.376648,2.036718,0.007101,-0.798825,0.724222
658.000000,1.029466,1.939477,0.199619,-0.751374,0.296229
659.000000,0.955142,1.801965,0.446686,-0.681989,0.568517
660.000000,0.761848,1.544851,0.738559,-0.591934,0.596480
661.000000,0.557788,1.307386,0.920097,-0.510226,0.260731
662.000000,0.276362,0.973750,1.054474,-0.428744,-0.514850
663.000000,-0.070993,0.565489,1.130789,-0.424025,-1.209343
664.000000,-0.637770,0.184113,1.140957,-0.525985,-1.785060
665.000000,-1.353853,-0.389548,1.055626,-0.771960,-2.292890
666.000000,-2.061236,-1.040419,0.676901,-1.124914,-2.686551
667.000000,-2.274508,-1.451731,0.253377,-1.390439,-1.845916
668.000000,-2.203221,-1.668219,-0.123228,-1.585918,-1.315602
669.000000,-2.037021,-1.861704,-0.570790,-1.794504,-1.229789
670.000000,-1.812039,-2.017521,-1.146429,-1.974889,-1.254857
671.000000,-1.618376,-2.171027,-1.724629,-2.389214,-1.739045
672.000000,-1.538049,-2.180279,-2.141561,-2.594133,-1.493053
673.000000,-1.497029,-2.087878,-2.371591,-2.565094,-1.191476
674.000000,-1.458972,-1.956254,-2.428623,-2.420553,-1.118069
675.000000,-1.333152,-1.747614,-2.441009,-2.162995,-0.717602
676.000000,-1.144735,-1.524918,-2.424483,-2.088739,-0.846844
677.000000,-0.952579,-1.364899,-2.334714,-2.094076,-0.600674
678.000000,-0.879856,-1.299216,-2.257383,-2.159576,-0.867457
679.000000,-0.865499,-1.268539,-2.220677,-2.268805,-1.072780
680.000000,-0.841362,-1.182345,-2.137596,-2.333461,-0.619827
681.000000,-0.758293,-1.027313,-2.034553,-2.314886,-0.437506
682.000000,-0.721916,-0.896567,-1.912293,-2.284723,-0.394455
683.000000,-0.745448,-0.861722,-1.823490,-2.302496,-1.012100
684.000000,-0.723771,-0.837963,-1.721296,-2.258084,-1.021006
685.000000,-0.910226,-0.912640,-1.632132,-2.278394,-1.520886
686.000000,-1.171602,-0.987306,-1.524128,-2.278860,-1.619019
687.000000,-1.527565,-1.136023,-1.491293,-2.275607,-1.975515
688.000000,-1.727123,-1.255785,-1.489467,-2.244372,-1.881569
689.000000,-1.945697,-1.369477,-1.500295,-2.228395,-1.966734
690.000000,-2.015659,-1.534090,-1.502630,-2.202617,-1.798837
691.000000,-2.010188,-1.701871,-1.459771,-2.154353,-1.510414
692.000000,-1.967340,-1.899863,-1.446968,-2.099895,-1.725632
693.000000,-1.867461,-1.977407,-1.443100,-2.020876,-1.339207
694.000000,-1.605445,-1.993170,-1.424965,-1.914433,-0.727076
695.000000,-1.357365,-1.925405,-1.445439,-1.799636,-0.723354
696.000000,-1.133180,-1.801760,-1.451814,-1.666735,-0.575999
697.000000,-0.771151,-1.571897,-1.458245,-1.563564,-0.133930
698.000000,-0.352883,-1.274902,-1.413216,-1.471060,0.564352
699.000000,-0.111923,-0.978702,-1.363205,-1.397364,0.383845
700.000000,-0.035016,-0.792811,-1.394481,-1.353789,-0.392391
701.000000,0.084252,-0.607370,-1.418620,-1.276126,-0.050311
702.000000,0.156962,-0.362597,-1.427297,-1.204340,0.189149
703.000000,0.053853,-0.177171,-1.383682,-1.154139,0.109847
704.000000,0.053422,-0.035971,-1.320670,-1.102651,0.393842
705.000000,0.310724,0.154569,-1.188061,-1.067954,0.792498
706.000000,0.418940,0.287233,-1.065550,-1.042756,0.435437
707.000000,0.439495,0.342688,-0.913161,-1.043986,0.256163
708.000000,0.628548,0.385500,-0.703452,-1.007591,0.960370
709.000000,0.628792,0.383429,-0.503036,-0.978052,0.354673
710.000000,0.158540,0.285857,-0.441733,-1.049673,-1.357413
711.000000,-0.322645,0.097986,-0.442217,-1.159427,-1.667169
712.000000,-0.638971,-0.056941,-0.361586,-1.261371,-1.047355
713.000000,-1.087482,-0.182409,-0.293800,-1.316554,-0.769261
714.000000,-1.308655,-0.324339,-0.260337,-1.367713,-0.381266
715.000000,-1.128053,-0.597242,-0.249558,-1.395066,-0.638013
716.000000,-0.775583,-0.770156,-0.225924,-1.398476,-0.322947
717.000000,-0.531429,-0.853491,-0.244697,-1.338186,-0.074566
718.000000,-0.046276,-0.837312,-0.206379,-1.173690,1.239743
719.000000,-0.151582,-1.030748,-0.483372,-1.106361,-0.838917
720.000000,-0.126187,-0.856550,-0.548416,-1.009291,-0.561140
721.000000,-0.173517,-0.633759,-0.723066,-0.924463,-0.527089
722.000000,-0.573449,-0.706517,-1.254700,-0.881538,-1.616449
723.000000,-1.384813,-0.854206,-1.779989,-0.889664,-1.677245
724.000000,-1.596442,-1.081818,-2.297244,-0.983303,-1.619485
725.000000,-1.828126,-1.269558,-2.681936,-1.075490,-1.559948
726.000000,-2.029429,-1.520740,-2.792749,-1.208823,-1.607538
727.000000,-1.828650,-1.670478,-2.687086,-1.343023,-1.039655
728.000000,-1.696288,-1.988684,-2.714083,-1.605778,-1.277230
729.000000,-1.634072,-1.972075,-2.645791,-1.840954,-1.466448
730.000000,-1.543035,-1.959159,-2.366118,-1.907516,-1.246945
731.000000,-1.436278,-1.942985,-2.122404,-2.006943,-1.186937
732.000000,-1.326201,-1.747578,-1.935625,-2.057571,-0.578025
733.000000,-1.404019,-1.712030,-1.914113,-2.194805,-1.617478
734.000000,-1.370271,-1.652778,-1.894581,-2.300072,-1.326016
735.000000,-1.623264,-1.738458,-1.943494,-2.494333,-2.312134
736.000000,-1.909054,-1.833800,-2.011155,-2.589057,-2.347235
737.000000,-2.284170,-1.990641,-2.080649,-2.610950,-2.280701
738.000000,-2.461359,-2.133657,-2.226826,-2.665190,-2.450274
739.000000,-2.665165,-2.248940,-2.235235,-2.651804,-2.449324
740.000000,-2.532412,-2.310532,-2.228821,-2.499348,-2.008511
741.000000,-2.335744,-2.318790,-2.205247,-2.341246,-1.747193
742.000000,-2.229638,-2.397525,-2.166697,-2.264043,-1.989854
743.000000,-2.071428,-2.341799,-2.122012,-2.197790,-1.783411
744.000000,-1.864652,-2.275832,-2.064408,-2.134690,-1.474504
745.000000,-1.655528,-2.091438,-1.986078,-2.043940,-1.030462
746.000000,-1.543027,-1.947593,-1.930246,-1.990018,-1.199100
747.000000,-1.485873,-1.877448,-1.940478,-1.982552,-1.679349
748.000000,-1.427801,-1.779117,-1.927203,-2.003334,-1.519657
749.000000,-1.361000,-1.645890,-1.884120,-1.946236,-1.161442
750.000000,-1.359161,-1.540487,-1.847037,-1.901415,-1.009176
751.000000,-1.284741,-1.444652,-1.805649,-1.857355,-0.792983
752.000000,-1.121561,-1.335741,-1.797220,-1.802689,-0.908491
753.000000,-0.943683,-1.222420,-1.738069,-1.746052,-0.658732
754.000000,-0.896976,-1.168656,-1.710061,-1.709512,-0.952244
755.000000,-0.832008,-1.141002,-1.633452,-1.669744,-0.693438
756.000000,-0.862373,-1.116926,-1.569025,-1.642355,-0.937133
757.000000,-0.828154,-1.013445,-1.498472,-1.626882,-0.736084
758.000000,-0.896360,-0.950337,-1.432029,-1.614929,-0.981170
759.000000,-1.076810,-1.012269,-1.401079,-1.627891,-1.853314
760.000000,-1.389079,-1.127314,-1.402477,-1.657420,-2.125439
761.000000,-1.632268,-1.261749,-1.412126,-1.683734,-1.990621
762.000000,-1.928614,-1.391266,-1.407490,-1.726065,-2.070825
763.000000,-2.249359,-1.606572,-1.435903,-1.752895,-2.476281
764.000000,-2.334764,-1.771360,-1.475435,-1.779219,-2.234604
765.000000,-2.298889,-1.946168,-1.537795,-1.768909,-1.971780
766.000000,-2.292376,-2.095004,-1.596322,-1.758371,-2.023068
767.000000,-2.219518,-2.224771,-1.612864,-1.741776,-1.818789
768.000000,-1.951203,-2.241455,-1.610784,-1.700062,-1.284266
769.000000,-1.650337,-2.101204,-1.606238,-1.639568,-0.803297
770.000000,-1.481975,-1.972416,-1.629900,-1.606404,-1.141677
771.000000,-1.033389,-1.724489,-1.593539,-1.542360,0.184439
772.000000,-0.686849,-1.521295,-1.568006,-1.479762,-0.146099
773.000000,-0.499865,-1.303721,-1.573161,-1.434139,-0.400443
774.000000,-0.236278,-1.025803,-1.511585,-1.375433,0.446528
775.000000,0.177373,-0.740080,-1.456205,-1.331577,0.767826
776.000000,0.321284,-0.422845,-1.383069,-1.278900,0.869020
777.000000,0.026410,-0.386037,-1.463808,-1.283205,-1.509624
778.000000,-0.074576,-0.333832,-1.483921,-1.271285,-0.853801
779.000000,-0.376874,-0.341397,-1.445169,-1.278254,-0.850928
780.000000,-0.695572,-0.271495,-1.370014,-1.284804,-0.607320
781.000000,-0.885961,-0.296832,-1.262283,-1.279172,0.059407
782.000000,-0.587561,-0.310538,-1.170569,-1.280367,-0.196132
783.000000,-0.520642,-0.335112,-1.068210,-1.312715,-0.571774
784.000000,-0.306896,-0.409435,-0.938983,-1.309924,0.072985
785.000000,-0.019534,-0.473306,-0.787253,-1.307749,0.624808
786.000000,0.079220,-0.577012,-0.622433,-1.303091,0.510552
787.000000,0.348341,-0.252358,-0.435566,-1.306063,0.841513
788.000000,0.695637,-0.041040,-0.301298,-1.316131,0.517553
789.000000,1.112458,0.372231,-0.126464,-1.237554,1.434181
790.000000,1.172178,0.719975,0.082717,-1.154650,0.834356
791.000000,1.175893,0.895140,0.123600,-1.079845,0.592799
792.000000,1.018606,1.084725,0.202971,-1.002695,0.347996
793.000000,1.105669,1.421937,0.416413,-0.833418,0.884524
794.000000,0.807744,1.430980,0.426850,-0.686501,0.310652
795.000000,1.117144,1.605233,0.617857,-0.410071,1.946380
796.000000,1.557717,1.811228,0.835192,-0.046058,2.088686
797.000000,2.163904,2.023452,1.716381,0.397428,2.364625
798.000000,2.526694,2.285671,2.294798,0.825617,2.219562
799.000000,2.890087,2.407552,2.672033,1.235835,2.254149
800.000000,2.556020,2.399262,2.636792,1.536860,1.055134
801.000000,2.234285,2.407229,2.497357,1.635736,1.119260
802.000000,1.923921,2.440903,2.427617,1.769689,1.235033
803.000000,1.805894,2.465767,2.464115,1.959573,1.785456
804.000000,1.638353,2.484755,2.405748,1.996094,1.632739
805.000000,1.599260,2.240551,2.258899,1.921809,1.037205
806.000000,1.574363,2.037245,2.163598,1.855562,1.138561
807.000000,1.630066,1.904298,2.122629,2.043118,1.658759
808.000000,1.630113,1.834390,2.142468,2.140353,1.936811
809.000000,1.635896,1.745852,2.103247,2.187931,1.814438
810.000000,1.709962,1.748327,2.078491,2.172841,1.509462
811.000000,1.687619,1.695537,2.034219,2.085032,1.048126
812.000000,1.584587,1.652053,2.015572,2.035596,1.160435
813.000000,1.319797,1.504665,1.939159,1.984601,0.626244
814.000000,1.165616,1.431239,1.924290,1.939423,1.087917
815.000000,0.954990,1.374321,1.806707,1.856476,0.499748
816.000000,0.741830,1.272969,1.667791,1.774525,-0.019183
817.000000,0.376481,1.062571,1.498817,1.678116,-0.576255
818.000000,0.064538,0.783906,1.332751,1.603236,-0.874595
819.000000,-0.479013,0.452264,1.143660,1.489762,-1.294045
820.000000,-0.923843,0.122950,1.022402,1.406005,-1.373877
821.000000,-1.287254,-0.194691,0.894604,1.334064,-1.540728
822.000000,-1.465912,-0.534883,0.776472,1.292248,-1.298158
823.000000,-1.632135,-0.858593,0.598615,1.221931,-1.586205
824.000000,-1.681039,-1.261989,0.426819,1.186680,-1.462119
825.000000,-1.503855,-1.471552,0.337820,1.124541,-0.571548
826.000000,-1.304825,-1.603030,0.216028,1.043066,-0.726570
827.000000,-1.128794,-1.608655,0.030387,0.942788,-0.597404
828.000000,-0.898199,-1.555688,-0.231528,0.830783,-0.649806
829.000000,-0.620925,-1.378778,-0.489226,0.717973,-0.230656
830.000000,-0.449539,-1.144479,-0.707023,0.698996,0.196781
831.000000,-0.364440,-0.964965,-0.947792,0.642521,-0.348830
832.000000,-0.211948,-0.773370,-1.178025,0.599377,0.084670
833.000000,-0.139186,-0.600092,-1.357120,0.463369,-0.332861
834.000000,-0.011929,-0.367460,-1.497211,0.366357,0.350942
835.000000,0.092836,-0.208097,-1.497491,0.350426,0.677438
836.000000,0.020980,-0.201085,-1.555012,0.176844,-0.678252
837.000000,-0.493761,-0.409744,-1.676785,-0.356563,-2.101519
838.000000,-1.136819,-0.741858,-1.824466,-1.317366,-2.785337
839.000000,-1.867883,-1.121320,-1.888042,-2.368626,-2.599077
840.000000,-2.585174,-1.588482,-1.962287,-3.088503,-2.696756
841.000000,-2.862399,-1.945547,-2.008218,-3.285035,-2.480924
842.000000,-2.760221,-2.237413,-2.034729,-3.203700,-2.043605
843.000000,-2.501981,-2.385227,-2.020479,-2.997484,-1.772502
844.000000,-2.196848,-2.472673,-1.980043,-2.809132,-1.222673
845.000000,-1.942952,-2.591111,-2.036878,-2.647718,-1.469214
846.000000,-1.777836,-2.599597,-2.104954,-2.516748,-1.701053
847.000000,-1.717601,-2.496290,-2.176758,-2.398064,-1.773373
848.000000,-1.710787,-2.340386,-2.228683,-2.299110,-1.764580
849.000000,-1.763936,-2.185657,-2.262205,-2.191314,-1.566977
850.000000,-1.770954,-2.033099,-2.304983,-2.108452,-1.585066
851.000000,-1.672735,-1.870389,-2.280276,-2.018797,-1.297036
852.000000,-1.526971,-1.738832,-2.255498,-1.946290,-1.106216
853.000000,-1.388487,-1.642810,-2.209221,-1.878821,-1.103872
854.000000,-1.242206,-1.578844,-2.169873,-1.815819,-0.869347
855.000000,-1.048281,-1.474370,-2.129479,-1.775749,-0.646906
856.000000,-0.919986,-1.359945,-2.051780,-1.739489,-0.675652
857.000000,-0.805579,-1.229549,-1.928353,-1.704901,-0.550254
858.000000,-0.671667,-1.092276,-1.785025,-1.668727,-0.457219
859.000000,-0.572464,-0.969289,-1.656496,-1.645500,-0.388367
860.000000,-0.509816,-0.837881,-1.526408,-1.637650,-0.333590
861.000000,-0.436063,-0.735386,-1.408178,-1.620232,-0.321386
862.000000,-0.334554,-0.627005,-1.301750,-1.609070,-0.030380
863.000000,-0.236049,-0.509220,-1.210668,-1.590219,0.045646
864.000000,-0.127652,-0.408626,-1.151550,-1.593467,0.171640
865.000000,-0.093144,-0.366642,-1.101833,-1.628259,-0.305297
866.000000,-0.038895,-0.311461,-1.037393,-1.633042,-0.268154
867.000000,-0.095653,-0.276315,-0.968122,-1.603866,-0.477903
868.000000,-0.287431,-0.271124,-0.899534,-1.554083,-0.886734
869.000000,-0.615023,-0.269541,-0.834238,-1.501841,-0.661196
870.000000,-0.794795,-0.294216,-0.761766,-1.438395,-0.835568
871.000000,-0.887989,-0.313328,-0.700826,-1.369969,-0.590474
872.000000,-0.708517,-0.354918,-0.632280,-1.304187,0.210321
873.000000,-0.725980,-0.580450,-0.585127,-1.266309,-0.966687
874.000000,-0.785569,-0.927013,-0.560599,-1.256530,-0.955519
875.000000,-0.577697,-0.972268,-0.536636,-1.217570,0.018150
876.000000,-0.778945,-1.208474,-0.553049,-1.183434,-1.422895
877.000000,-1.670472,-1.709764,-0.686159,-1.175075,-3.049083
878.000000,-1.973125,-1.925159,-0.852034,-1.147497,-2.267733
879.000000,-1.927950,-1.899675,-1.010478,-1.100417,-1.033661
880.000000,-2.003284,-1.792634,-1.202670,-1.034957,-0.715816
881.000000,-1.687749,-1.630212,-1.399246,-0.971436,-0.045500
882.000000,-1.336291,-1.806802,-1.914169,-0.960487,-1.449593
883.000000,-1.071249,-1.770320,-2.436203,-0.939879,-1.163101
884.000000,-1.041132,-1.722909,-2.716956,-0.938844,-0.923245
885.000000,-0.789634,-1.612272,-2.449377,-0.922438,0.307079
886.000000,-0.570317,-1.297799,-2.116597,-0.878668,0.838191
887.000000,0.128051,-0.688460,-1.745457,-0.820107,1.416110
888.000000,0.861771,-0.106749,-1.338006,-0.746698,1.735876
889.000000,1.480720,0.289751,-1.006839,-0.674483,1.585558
890.000000,1.782794,0.657609,-0.655242,-0.580569,1.647487
891.000000,1.917634,0.926310,-0.338311,-0.457769,1.568682
892.000000,1.794070,1.283199,-0.196926,-0.423355,1.026373
893.000000,1.624089,1.588418,0.084296,-0.386526,1.058317
894.000000,1.489610,1.828058,0.355144,-0.356556,1.028105
895.000000,1.524989,1.992390,0.670495,0.073730,1.802315
896.000000,1.367512,1.944101,0.980855,0.405031,0.948110
897.000000,1.364900,1.849560,1.509659,0.877721,1.081868
898.000000,1.353631,1.721751,1.893112,1.468207,1.082623
899.000000,1.377611,1.633846,2.079543,1.997341,1.190335
900.000000,1.405569,1.640920,2.278055,2.623021,1.877944
901.000000,1.414912,1.541168,2.250981,2.764693,1.056732
902.000000,1.246877,1.424820,2.247639,2.574717,0.386980
903.000000,1.188285,1.375051,2.255396,2.612633,0.832882
904.000000,1.024659,1.288062,2.189682,2.511968,0.441489
905.000000,0.959426,1.263770,2.154750,2.521594,1.545309
906.000000,0.958743,1.268142,2.042940,2.531196,1.050591
907.000000,0.993382,1.197669,1.871506,2.582891,0.538343
908.000000,0.856531,1.091357,1.682043,2.515160,0.117849
909.000000,0.842316,0.993445,1.539191,2.385966,0.268126
910.000000,0.427498,0.752363,1.376269,2.219098,-0.345352
911.000000,0.116709,0.620718,1.241759,2.059174,-0.199680
912.000000,-0.107129,0.566843,1.150817,2.006730,-0.388986
913.000000,-0.258934,0.441786,1.067541,1.947342,-0.556748
914.000000,-0.302928,0.448538,1.038268,1.929740,0.476230
915.000000,-0.078738,0.275292,0.967511,1.864414,0.829749
916.000000,0.110142,0.127470,0.949051,1.774492,0.490633
917.000000,0.991316,0.218705,0.971335,1.708974,1.890329
918.000000,1.962850,0.412859,0.978719,1.621344,1.413095
919.000000,1.919516,0.485530,0.937577,1.522234,0.428593
920.000000,1.572861,0.718384,0.799957,1.416145,0.042922
921.000000,1.418189,1.024417,0.742417,1.324247,0.173885
922.000000,1.204897,1.764887,0.822333,1.309848,1.299370
923.000000,1.059134,2.408812,0.845480,1.293402,1.023709
924.000000,1.365497,2.561816,0.957695,1.298917,1.332430
925.000000,1.902527,2.594752,0.948308,1.268847,1.779514
926.000000,2.241072,2.605116,1.031762,1.296219,1.573138
927.000000,2.384727,2.493755,1.320233,1.344945,2.135217
928.000000,2.730028,2.637738,1.851127,1.436138,2.715176
929.000000,2.437389,2.511647,2.126550,1.433595,0.948613
930.000000,2.288263,2.554496,2.514754,1.396545,1.613626
931.000000,2.059073,2.451160,2.670791,1.399997,0.982126
932.000000,1.924090,2.363366,2.816111,1.523251,1.703750
933.000000,1.730222,2.361667,2.865997,1.628978,1.975875
934.000000,1.677617,2.184106,2.645262,1.710443,0.941999
935.000000,1.687570,2.107909,2.522872,1.727282,1.742788
936.000000,1.581543,1.923609,2.335700,1.712487,0.686564
937.000000,1.395864,1.743407,2.139412,1.756958,0.916560
938.000000,1.238455,1.555952,2.042737,1.853173,1.302295
939.000000,1.228305,1.522988,1.983408,1.890504,0.960528
940.000000,0.944038,1.374563,1.912873,1.927948,0.428632
941.000000,0.853085,1.280538,1.835613,1.932805,0.190038
942.000000,0.809018,1.164916,1.752894,1.962803,0.685107
943.000000,0.527572,0.947524,1.655586,1.943663,-0.036875
944.000000,0.435196,0.911930,1.591528,1.898246,0.641800
945.000000,0.603156,0.828245,1.543642,1.866322,1.194142
946.000000,1.104171,0.991579,1.561612,1.894799,2.185392
947.000000,1.917406,1.337409,1.645112,1.953533,3.356425
948.000000,2.499324,1.533189,1.626959,1.974717,2.391954
949.000000,2.734117,1.759703,1.700613,2.016159,2.166403
950.000000,2.847158,2.079679,1.760067,2.078380,2.345036
951.000000,2.659958,2.288724,1.810057,2.092182,1.730943
952.000000,2.235725,2.351406,1.793749,2.053303,1.443789
953.000000,1.892902,2.361121,1.717176,1.993379,0.807137
954.000000,1.491388,2.240517,1.670962,1.905128,0.238861
955.000000,0.970111,2.065303,1.568544,1.805391,-0.049683
956.000000,0.595494,1.847090,1.554491,1.728091,0.055655
957.000000,0.293015,1.502994,1.536183,1.643570,0.175949
958.000000,-0.025490,1.157496,1.436099,1.501796,-0.539528
959.000000,-0.132063,0.867310,1.390664,1.452838,-0.211670
960.000000,-0.005860,0.613709,1.433452,1.418779,0.504981
961.000000,-0.000588,0.379960,1.460885,1.395397,0.082611
962.000000,0.178072,0.294264,1.516151,1.381428,0.955382
963.000000,0.612287,0.355256,1.624843,1.366467,1.256274
964.000000,0.601756,0.284658,1.574727,1.326520,-0.276750
965.000000,0.576086,0.354590,1.545045,1.284331,0.388323
966.000000,0.568674,0.357618,1.435706,1.283133,0.038268
967.000000,0.524298,0.450096,1.273395,1.309609,0.768941
968.000000,1.008968,1.048668,1.373175,1.446497,2.895908
969.000000,1.902627,1.635244,1.519764,1.624367,2.878664
970.000000,2.743125,2.251294,1.767385,1.901591,3.368973
971.000000,3.260495,2.755765,2.068075,2.169998,3.089225
972.000000,3.487141,3.083222,2.439919,2.428877,3.253495
973.000000,3.463943,3.316266,2.850168,2.702704,3.380704
974.000000,3.356046,3.425575,3.095943,2.848570,3.010368
975.000000,3.194561,3.392494,3.210831,2.917406,2.869673
976.000000,3.011741,3.280105,3.176875,2.884778,2.500611
977.000000,2.740770,3.088144,3.047424,2.759143,2.042651
978.000000,2.413769,2.840465,2.911049,2.635273,1.700271
979.000000,2.171456,2.659411,2.792127,2.540098,1.719321
980.000000,1.914981,2.467172,2.657713,2.434661,1.522206
981.000000,1.731260,2.319168,2.560032,2.361725,1.545358
982.000000,1.662547,2.191837,2.479846,2.317645,1.677634
983.000000,1.621898,2.035990,2.393584,2.272958,1.514240
984.000000,1.549380,1.888778,2.329795,2.228348,1.373754
985.000000,1.507632,1.746050,2.263674,2.188464,1.332861
986.000000,1.451811,1.626293,2.206420,2.146484,1.275688
987.000000,1.382237,1.553478,2.153304,2.111703,1.327302
988.000000,1.317405,1.497998,2.073610,2.079079,1.192951
989.000000,1.281312,1.443048,2.003284,2.046180,1.195395
990.000000,1.251977,1.407219,1.928329,2.010064,1.187554
991.000000,1.284935,1.396062,1.876692,1.996059,1.442276
992.000000,1.311945,1.373789,1.819508,1.976999,1.462484
993.000000,1.304965,1.336374,1.734134,1.941695,1.148246
994.000000,1.233297,1.281578,1.638404,1.906758,0.801381
995.000000,1.143562,1.222228,1.539476,1.867995,0.679030
996.000000,0.949600,1.149214,1.443135,1.828573,0.405534
997.000000,0.742753,1.075819,1.371280,1.793398,0.448650
998.000000,0.542215,0.997478,1.308045,1.740199,0.148196
999.000000,0.359309,0.898276,1.237836,1.685988,-0.182787
1000.000000,0.167424,0.791325,1.179214,1.627941,-0.282034
1001.000000,-0.043632,0.612912,1.112339,1.568778,-0.740032
1002.000000,-0.367068,0.382567,1.031055,1.501498,-1.083178
1003.000000,-0.676718,0.153928,0.955796,1.423669,-1.116491
1004.000000,-0.920219,-0.059515,0.886057,1.347314,-1.071576
1005.000000,-1.189668,-0.325221,0.805332,1.260897,-1.311186
1006.000000,-1.311327,-0.587128,0.718995,1.178313,-1.283537
1007.000000,-1.420690,-0.932430,0.605015,1.102389,-1.593045
1008.000000,-1.334052,-1.144082,0.514771,1.052905,-0.763468
1009.000000,-1.232962,-1.259924,0.412889,1.001705,-0.632462
1010.000000,-1.204334,-1.406379,0.268965,0.947092,-1.176676
1011.000000,-1.158633,-1.447228,0.057714,0.888401,-1.072484
1012.000000,-1.072968,-1.451095,-0.227756,0.808966,-1.227877
1013.000000,-0.978297,-1.336541,-0.488056,0.750603,-0.373079
1014.000000,-0.834502,-1.186907,-0.720463,0.704052,-0.002221
1015.000000,-0.579938,-1.014364,-0.973424,0.653056,0.007787
1016.000000,-0.133470,-0.726071,-1.099921,0.629585,0.975341
1017.000000,0.267872,-0.449759,-1.238617,0.580079,0.591241
1018.000000,0.524349,-0.254954,-1.257129,0.543195,0.782892
1019.000000,0.636590,-0.113696,-1.201890,0.482132,0.503815
1020.000000,0.710761,0.073417,-1.123602,0.392456,0.337199
1021.000000,0.562264,0.244484,-0.987689,0.209230,0.291362
1022.000000,0.624967,0.513218,-0.774978,-0.025775,0.969451
1023.000000,0.939507,0.834775,-0.444869,-0.167133,2.421493
1024.000000,1.209779,1.038216,-0.191138,-0.323450,1.618808
1025.000000,1.616534,1.287220,0.129794,-0.443036,1.880506
1026.000000,1.970569,1.401675,0.465264,-0.427766,1.801305
1027.000000,2.004852,1.514211,0.809722,-0.434586,1.352369
1028.000000,1.784728,1.610712,1.086059,-0.105096,1.495587
1029.000000,1.639382,1.668290,1.299239,0.366560,1.069567
1030.000000,1.594389,1.806679,1.642058,1.106254,1.679390
1031.000000,1.441772,1.835417,1.870609,1.724486,1.133016
1032.000000,1.286063,1.726691,2.008487,2.154417,0.653490
1033.000000,1.033036,1.462265,1.979953,2.366325,0.277304
1034.000000,0.959639,1.347438,1.944815,2.566775,0.701583
1035.000000,0.759561,1.222264,1.903045,2.693674,0.750852
1036.000000,0.634165,1.087214,1.759628,2.689249,0.557163
1037.000000,0.567711,0.981313,1.646134,2.659560,0.312582
1038.000000,0.673482,0.900555,1.558892,2.550137,0.745428
1039.000000,0.573205,0.815848,1.471269,2.390607,0.194956
1040.000000,0.424465,0.636951,1.400091,2.306505,0.033320
1041.000000,0.251580,0.491253,1.332279,2.204456,-0.312791
1042.000000,-0.012755,0.344948,1.216725,2.102969,-1.181892
1043.000000,-0.645251,0.167092,1.000752,1.909878,-2.081882
1044.000000,-1.280450,-0.123935,0.836947,1.720020,-2.072413
1045.000000,-1.826038,-0.434098,0.675783,1.586180,-1.508172
1046.000000,-2.296348,-0.844802,0.472712,1.357299,-2.038289
1047.000000,-2.042148,-1.048990,0.364237,1.258106,-0.473280
1048.000000,-1.805734,-1.459943,0.179465,1.111729,-1.287528
1049.000000,-1.568174,-1.741828,0.013216,1.004215,-1.179473
1050.000000,-1.692734,-2.069842,-0.323173,0.870298,-2.021224
1051.000000,-1.855754,-2.355298,-0.724044,0.704539,-2.554583
1052.000000,-2.281150,-2.442802,-1.146594,0.481572,-2.449648
1053.000000,-2.496404,-2.431343,-1.583927,0.097272,-2.592723
1054.000000,-2.572107,-2.364065,-2.019220,-0.249248,-2.186080
1055.000000,-2.475579,-2.332417,-2.331666,-0.664900,-2.001289
1056.000000,-2.307366,-2.247056,-2.473479,-1.118277,-1.883404
1057.000000,-2.063857,-2.214378,-2.438142,-1.483531,-1.329386
1058.000000,-1.834004,-2.147300,-2.418885,-1.858983,-1.444218
1059.000000,-1.685623,-2.102771,-2.346868,-2.124842,-1.454491
1060.000000,-1.586133,-2.023285,-2.272457,-2.358098,-1.517120
1061.000000,-1.643578,-1.990535,-2.245899,-2.495767,-2.129102
1062.000000,-1.778481,-1.950089,-2.191106,-2.504483,-1.975275
1063.000000,-1.864556,-1.884217,-2.120725,-2.452787,-1.887966
1064.000000,-1.929932,-1.847416,-2.063654,-2.415079,-1.826662
1065.000000,-1.939143,-1.806713,-2.024560,-2.358378,-1.646704
1066.000000,-1.774103,-1.742069,-1.952975,-2.273034,-1.326992
1067.000000,-1.608242,-1.712826,-1.925493,-2.180813,-1.149271
1068.000000,-1.456240,-1.673661,-1.878820,-2.118420,-1.116700
1069.000000,-1.301267,-1.631733,-1.840198,-2.045122,-1.055036
1070.000000,-1.219349,-1.607210,-1.796738,-1.991841,-1.263493
1071.000000,-1.149763,-1.498590,-1.727266,-1.929474,-0.979266
1072.000000,-1.112401,-1.400388,-1.662664,-1.865532,-0.949742
1073.000000,-1.074102,-1.304559,-1.589223,-1.797658,-0.918229
1074.000000,-1.123812,-1.245750,-1.550232,-1.755314,-1.296092
1075.000000,-1.001047,-1.144568,-1.489310,-1.708714,-0.654147
1076.000000,-0.948312,-1.082943,-1.436837,-1.658319,-0.699145
1077.000000,-1.037185,-1.106846,-1.443753,-1.666576,-1.431965
1078.000000,-1.157895,-1.144584,-1.449184,-1.662831,-1.545144
1079.000000,-1.167119,-1.176647,-1.447801,-1.658575,-1.398163
1080.000000,-1.352527,-1.187589,-1.444812,-1.641155,-1.457943
1081.000000,-1.540390,-1.231923,-1.404147,-1.611518,-1.389979
1082.000000,-1.334898,-1.194430,-1.332145,-1.559302,-0.258821
1083.000000,-1.082100,-1.165323,-1.263524,-1.501368,-0.315861
1084.000000,-0.586570,-0.968729,-1.151978,-1.428409,1.006452
1085.000000,-0.060974,-0.865240,-1.052079,-1.365010,0.892218
1086.000000,0.586752,-0.701804,-0.957082,-1.297506,1.307156
1087.000000,1.046083,-0.358529,-0.862850,-1.248703,1.648382
1088.000000,1.355255,-0.035012,-0.799482,-1.216314,0.786640
1089.000000,1.348600,0.311279,-0.738240,-1.185876,0.815202
1090.000000,1.469969,0.784970,-0.636348,-1.146382,1.223550
1091.000000,1.300271,1.229080,-0.574211,-1.084699,0.562534
1092.000000,1.005438,1.467847,-0.501452,-1.021121,0.603641
1093.000000,-1.230301,0.296487,-0.880683,-1.158525,-4.514525
1094.000000,-3.140580,-1.643077,-1.367004,-1.343100,-3.832304
1095.000000,-3.755254,-3.026862,-1.923564,-1.524403,-2.992867
1096.000000,-3.731134,-3.612241,-2.423122,-1.723827,-2.632743
1097.000000,-3.557021,-3.657686,-2.692511,-1.914967,-2.324482
1098.000000,-3.020511,-3.488471,-2.826514,-2.083992,-2.175193
1099.000000,-2.584035,-3.281238,-2.841212,-2.203947,-1.888023
1100.000000,-2.298548,-3.106608,-2.790249,-2.269435,-1.746528
1101.000000,-2.100575,-2.951596,-2.735363,-2.329251,-1.748608
1102.000000,-1.909616,-2.794777,-2.678569,-2.338556,-1.473919
1103.000000,-1.723584,-2.464963,-2.597047,-2.321645,-1.319605
1104.000000,-1.537575,-2.158821,-2.522008,-2.253182,-1.028130
1105.000000,-1.370126,-1.929287,-2.440227,-2.208229,-0.950112
1106.000000,-1.196866,-1.739118,-2.373045,-2.160663,-0.913274
1107.000000,-1.044954,-1.565027,-2.298570,-2.077404,-0.748001
1108.000000,-0.935354,-1.415507,-2.218560,-2.005675,-0.798159
1109.000000,-0.870827,-1.288128,-2.142185,-1.941629,-0.723005
1110.000000,-0.820541,-1.175291,-2.080225,-1.883845,-0.711876
1111.000000,-0.742588,-1.042494,-2.005587,-1.822144,-0.541699
1112.000000,-0.679826,-0.928861,-1.937525,-1.783237,-0.445003
1113.000000,-0.597251,-0.827262,-1.769755,-1.745903,-0.399751
1114.000000,-0.522551,-0.754963,-1.607478,-1.733137,-0.362029
1115.000000,-0.413492,-0.673468,-1.465130,-1.710833,-0.182335
1116.000000,-0.296589,-0.574235,-1.326775,-1.688165,0.045881
1117.000000,-0.182977,-0.487887,-1.201429,-1.671827,0.127606
1118.000000,-0.062953,-0.389700,-1.081591,-1.647571,0.178054
1119.000000,0.114180,-0.272661,-0.965123,-1.619854,0.484683
1120.000000,0.245547,-0.160190,-0.863242,-1.611475,0.383028
1121.000000,0.396183,-0.037980,-0.746681,-1.598167,0.785075
1122.000000,0.552507,0.075070,-0.654189,-1.604616,0.850489
1123.000000,0.821264,0.235644,-0.553992,-1.507181,1.221753
1124.000000,0.867362,0.389664,-0.486172,-1.408161,0.423626
1125.000000,0.850704,0.533085,-0.419981,-1.323273,0.241398
1126.000000,0.619675,0.637917,-0.348311,-1.239840,0.153217
1127.000000,0.557923,0.762284,-0.270805,-1.150655,0.574208
1128.000000,0.414609,0.851728,-0.169930,-1.055391,0.576016
1129.000000,0.467244,0.821719,-0.053271,-0.963228,0.689913
1130.000000,0.655375,0.844414,0.108949,-0.859021,1.146916
1131.000000,0.853951,0.780302,0.275022,-0.738881,1.084534
1132.000000,1.012262,0.810956,0.470718,-0.621572,1.329454
1133.000000,1.376686,0.891851,0.746588,-0.482162,2.292786
1134.000000,1.617357,1.031512,1.027583,-0.366133,1.646773
1135.000000,1.656097,1.167787,1.243938,-0.249123,1.204971
1136.000000,1.921441,1.440045,1.421382,-0.087650,2.219141
1137.000000,2.125507,1.680978,1.533857,0.086991,2.268044
1138.000000,2.015237,1.865754,1.561317,0.292320,1.803367
1139.000000,2.049753,2.034080,1.521631,0.529194,1.847517
1140.000000,2.208087,2.159784,1.534685,0.818602,2.063733
1141.000000,2.182031,2.277540,1.546320,1.122412,2.138300
1142.000000,2.080510,2.305600,1.619400,1.407875,1.842623
1143.000000,1.999766,2.189124,1.655976,1.645313,1.498903
1144.000000,1.938227,2.158450,1.761569,1.817724,1.602408
1145.000000,1.728456,2.105859,1.843614,1.860858,1.079543
1146.000000,1.436026,1.922640,1.900300,1.808126,0.754812
1147.000000,1.162388,1.718852,1.904135,1.724647,0.552776
1148.000000,1.108188,1.649273,1.944955,1.674882,1.236363
1149.000000,0.973790,1.542687,1.944367,1.590870,0.966168
1150.000000,0.850128,1.367302,1.878554,1.525463,0.498812
1151.000000,1.887132,1.779495,2.161052,1.693368,4.050041
1152.000000,2.730192,2.174298,2.383699,1.902525,3.470680
1153.000000,2.903511,2.335646,2.403937,2.002128,2.384706
1154.000000,2.861278,2.328627,2.364433,2.064085,1.706842
1155.000000,2.785060,2.298743,2.308881,2.095011,1.366261
1156.000000,2.377148,2.366925,2.277326,2.160912,1.863308
1157.000000,2.034824,2.422525,2.244723,2.198166,1.847084
1158.000000,1.827203,2.373516,2.194644,2.195427,1.467525
1159.000000,1.766930,2.347982,2.149434,2.185575,1.466582
1160.000000,1.716866,2.312284,2.079123,2.142313,1.187296
1161.000000,1.591206,2.057513,2.023593,2.111174,1.291210
1162.000000,1.506547,1.845173,1.996497,2.088475,1.460894
1163.000000,1.395347,1.681382,1.943869,2.018644,0.967433
1164.000000,1.286240,1.593922,1.894817,1.969146,0.965532
1165.000000,1.187512,1.519686,1.850173,1.920277,0.718075
1166.000000,1.082093,1.402981,1.825394,1.863617,0.793292
1167.000000,0.842058,1.239439,1.782236,1.788706,0.351186
1168.000000,0.743606,1.136937,1.738142,1.738624,0.506350
1169.000000,0.632590,1.028750,1.705773,1.691144,0.458695
1170.000000,0.537524,0.933118,1.679976,1.636301,0.272562
1171.000000,0.483472,0.853530,1.538674,1.597192,0.563379
1172.000000,0.638962,0.799783,1.420376,1.587112,1.038050
1173.000000,0.843955,0.849563,1.372259,1.600131,1.395137
1174.000000,1.242818,0.993248,1.405963,1.643381,2.104032
1175.000000,1.636905,1.155374,1.449677,1.686393,1.906866
1176.000000,1.956502,1.320027,1.464964,1.735696,1.942065
1177.000000,2.122768,1.528537,1.470496,1.779532,1.789649
1178.000000,2.189990,1.708326,1.496905,1.805620,1.703444
1179.000000,2.096007,1.886769,1.520015,1.834219,1.631625
1180.000000,2.086949,2.105033,1.570875,1.874049,1.756562
1181.000000,1.943496,2.217526,1.591929,1.800859,1.391178
1182.000000,1.781236,2.225356,1.590552,1.719824,1.343891
1183.000000,1.564302,2.134853,1.604798,1.662808,1.004211
1184.000000,1.263170,1.893453,1.584551,1.613453,0.418124
1185.000000,0.998311,1.698716,1.590173,1.584302,0.506458
1186.000000,0.863544,1.525433,1.604157,1.541512,0.767002
1187.000000,0.773924,1.391987,1.658545,1.503300,0.933052
1188.000000,0.789221,1.290617,1.705499,1.488196,1.081233
1189.000000,0.961340,1.222460,1.758240,1.477523,1.214985
1190.000000,1.152758,1.180437,1.830175,1.488588,1.408980
1191.000000,1.265202,1.168290,1.866766,1.490102,1.310776
1192.000000,1.358333,1.174571,1.868528,1.485162,1.387354
1193.000000,1.587399,1.319256,1.895842,1.540549,2.124322
1194.000000,1.737856,1.501608,1.857993,1.587748,1.928362
1195.000000,1.852405,1.667685,1.839481,1.648932,1.973674
1196.000000,1.990376,1.805296,1.825253,1.708949,2.035721
1197.000000,2.063754,1.891333,1.808647,1.777280,1.843664
1198.000000,1.961823,1.932791,1.784952,1.823796,1.652626
1199.000000,1.824349,1.915218,1.740105,1.848899,1.244336
1200.000000,1.673528,1.879846,1.691530,1.876950,1.186262
1201.000000,1.415301,1.816071,1.640389,1.871934,0.679191
1202.000000,1.198863,1.766773,1.607065,1.852589,0.762644
1203.000000,1.026810,1.652992,1.603544,1.824182,0.874138
1204.000000,0.969927,1.567176,1.638313,1.769287,1.034684
1205.000000,0.754368,1.387568,1.621795,1.693427,0.203715
1206.000000,0.579580,1.146254,1.575380,1.604381,-0.158521
1207.000000,0.280690,0.860834,1.500037,1.507672,-0.654277
1208.000000,-0.015338,0.595255,1.427885,1.422805,-0.518032
1209.000000,-0.174113,0.470472,1.395010,1.374363,0.322340
1210.000000,-0.072471,0.396311,1.369831,1.337619,0.686652
1211.000000,0.037425,0.355802,1.333471,1.304509,0.351992
1212.000000,0.282507,0.318350,1.299673,1.280703,0.457081
1213.000000,0.452424,0.240121,1.199547,1.265420,0.227469
1214.000000,0.554014,0.200819,1.140765,1.297253,0.811325
1215.000000,0.631537,0.298407,1.087608,1.335939,1.112193
1216.000000,0.603219,0.343575,0.966875,1.336275,0.104712
1217.000000,0.618166,0.500366,0.870439,1.344811,0.444534
1218.000000,0.609323,0.606499,0.757646,1.337744,-0.048515
1219.000000,0.449068,0.608341,0.686323,1.332854,0.072495
1220.000000,0.308199,0.618087,0.650337,1.338403,0.695932
1221.000000,0.738018,0.831275,0.739882,1.384666,1.757309
1222.000000,0.706685,0.876924,0.732946,1.388703,0.181591
1223.000000,0.654629,0.900779,0.669289,1.324921,-0.350300
1224.000000,0.474173,0.699467,0.547451,1.255420,-0.616068
1225.000000,0.168340,0.386023,0.546403,1.173183,-0.419426
1226.000000,-0.460962,0.277376,0.598083,1.057168,-0.523329
1227.000000,-0.590551,0.128462,0.788620,0.943994,-0.249788
1228.000000,-0.641159,0.057435,0.961043,0.816008,-0.486349
1229.000000,-0.420295,0.086905,1.046875,0.746575,0.265816
1230.000000,-0.228741,-0.008735,1.044805,0.672819,0.289736
1231.000000,0.390982,-0.128104,1.365089,0.712385,1.474759
1232.000000,1.494792,0.483615,2.095513,0.848407,2.903649
1233.000000,2.354824,1.216294,2.799832,0.963112,2.425932
1234.000000,2.714365,1.959026,2.932268,1.053260,2.167781
1235.000000,2.761809,2.347004,2.741543,1.205751,1.610973
1236.000000,2.700017,2.650488,2.852111,1.454010,2.035402
1237.000000,2.580402,2.887357,2.948226,1.841019,2.704906
1238.000000,2.659707,3.087525,3.079951,2.238108,2.976099
1239.000000,2.586802,3.000336,2.975390,2.398600,2.112483
1240.000000,2.611585,2.930695,2.841704,2.489128,2.131804
1241.000000,2.404970,2.708830,2.576333,2.501392,1.418583
1242.000000,2.145770,2.464508,2.494639,2.494865,1.528286
1243.000000,1.934011,2.352253,2.497095,2.525345,1.897383
1244.000000,1.867694,2.269433,2.490009,2.473133,1.809159
1245.000000,-1234.000000,-1234.000000,-1234.000000,-1234.000000,-1234.000000
